# Pauling electronegativity
# Columns represent the atomic number and the electronegativity (Pauling scale)
# Missing values are omitted
#
# Sources: see electronic-pauling.bibxml
# License: The MIT License
1 2.20
3 0.98
4 1.57
5 2.04
6 2.55
7 3.04
8 3.44
9 3.98
11 0.93
12 1.31
13 1.61
14 1.90
15 2.19
16 2.58
17 3.16
19 0.82
20 1.00
21 1.36
22 1.54
23 1.63
24 1.66
25 1.55
26 1.83
27 1.88
28 1.91
29 1.90
30 1.65
31 1.81
32 2.01
33 2.18
34 2.55
35 2.96
36 3.00
37 0.82
38 0.95
39 1.22
40 1.33
41 1.6
42 2.16
43 1.9
44 2.2
45 2.28
46 2.20
47 1.93
48 1.69
49 1.78
50 1.96
51 2.05
52 2.1
53 2.66
54 2.6
55 0.79
56 0.89
57 1.10
58 1.12
59 1.13
60 1.14
62 1.17
64 1.20
66 1.22
67 1.23
68 1.24
69 1.25
71 1.27
72 1.3
73 1.5
74 2.36
75 1.9
76 2.2
77 2.20
78 2.28
79 2.54
80 2.00
81 1.62
82 2.33
83 2.02
84 2.0
85 2.2
87 0.7
88 0.9
89 1.1
90 1.3
91 1.5
92 1.38
93 1.36
94 1.28
95 1.3
96 1.3
97 1.3
98 1.3
99 1.3
100 1.3
101 1.3
102 1.3
