# van der Waals radii
# Columns represent the atomic number and the vdW radius (in Angstrom)
# Missing values are represented by 2 as a mean value
#
# Sources: see radii-vdw.bibxml
# License: The MIT License
0 0
1 1.2
2 1.4
3 2.2
4 1.9
5 1.8
6 1.7
7 1.6
8 1.55
9 1.5
10 1.54
11 2.4
12 2.2
13 2.1
14 2.1
15 1.95
16 1.8
17 1.8
18 1.88
19 2.8
20 2.4
21 2.3
22 2.15
23 2.05
24 2.05
25 2.05
26 2.05
27 2
28 2
29 2
30 2.1
31 2.1
32 2.1
33 2.05
34 1.9
35 1.9
36 2.02
37 2.9
38 2.55
39 2.4
40 2.3
41 2.15
42 2.1
43 2.05
44 2.05
45 2
46 2.05
47 2.1
48 2.2
49 2.2
50 2.25
51 2.2
52 2.1
53 2.1
54 2.16
55 3
56 2.7
57 2.5
58 2.48
59 2.47
60 2.45
61 2.43
62 2.42
63 2.4
64 2.38
65 2.37
66 2.35
67 2.33
68 2.32
69 2.3
70 2.28
71 2.27
72 2.25
73 2.2
74 2.1
75 2.05
76 2
77 2
78 2.05
79 2.1
80 2.05
81 2.2
82 2.3
83 2.3
84 2
85 2
86 2
87 2
88 2
89 2
90 2.4
91 2
92 2.3
93 2
94 2
95 2
96 2
97 2
98 2
99 2
100 2
101 2
102 2
103 2
104 2
105 2
106 2
107 2
108 2
109 2
