# covalent radii
# Columns represent the atomic number and the covalent radius (in Angstrom)
#
# Sources: see elements.bibxml in the BODR
# License: The MIT License
1 0.37
2 0.32
3 1.34
4 0.90
5 0.82
6 0.77
7 0.75
8 0.73
9 0.71
10 0.69
11 1.54
12 1.30
13 1.18
14 1.11
15 1.06
16 1.02
17 0.99
18 0.97
19 1.96
20 1.74
21 1.44
22 1.36
23 1.25
24 1.27
25 1.39
26 1.25
27 1.26
28 1.21
29 1.38
30 1.31
31 1.26
32 1.22
33 1.19
34 1.16
35 1.14
36 1.10
37 2.11
38 1.92
39 1.62
40 1.48
41 1.37
42 1.45
43 1.56
44 1.26
45 1.35
46 1.31
47 1.53
48 1.48
49 1.44
50 1.41
51 1.38
52 1.35
53 1.33
54 1.30
55 2.25
56 1.98
57 1.69
71 1.60
72 1.50
73 1.38
74 1.46
75 1.59
76 1.28
77 1.37
78 1.28
79 1.44
80 1.49
81 1.48
82 1.47
83 1.46
86 1.45
